5.344708e-02;8.692870e-02;9.757580e-02;2.963729e-02;1.166666e-01;5.127192e-02;9.780106e-02;7.548714e-02;8.867323e-02;1.242342e-01;1.025194e-01;7.575766e-02
3.461804e-02;8.359822e-02;1.096574e-01;3.361920e-02;1.440188e-01;5.741659e-02;7.643145e-02;9.278163e-02;7.293038e-02;1.102259e-01;9.228450e-02;9.241782e-02
7.106216e-02;5.586063e-02;1.581452e-01;4.975866e-02;1.367235e-01;7.805528e-02;7.829850e-02;8.276698e-02;5.202013e-02;7.802697e-02;7.566474e-02;8.361720e-02
8.113299e-02;3.573608e-02;1.681143e-01;4.685765e-02;1.327203e-01;7.788534e-02;9.758423e-02;6.778226e-02;7.444666e-02;8.752909e-02;5.825005e-02;7.196105e-02
7.840762e-02;6.059165e-02;1.578019e-01;4.766732e-02;1.201552e-01;7.564325e-02;9.148411e-02;5.758761e-02;1.012536e-01;9.077910e-02;4.724251e-02;7.138618e-02
8.449568e-02;7.208575e-02;1.300380e-01;5.290653e-02;8.829364e-02;7.781135e-02;1.008076e-01;4.649393e-02;1.182643e-01;9.200242e-02;4.995550e-02;8.684522e-02
8.874064e-02;6.368823e-02;1.470242e-01;4.189013e-02;5.649442e-02;7.725810e-02;1.144329e-01;3.463177e-02;1.031843e-01;1.109565e-01;6.719007e-02;9.450872e-02
8.941641e-02;7.216018e-02;1.707375e-01;4.693399e-02;3.866260e-02;8.112615e-02;8.726370e-02;3.710849e-02;1.044064e-01;1.080328e-01;8.167983e-02;8.247196e-02
8.615795e-02;9.794802e-02;1.582783e-01;6.302537e-02;3.019824e-02;8.457609e-02;7.021607e-02;5.640410e-02;1.160342e-01;9.340257e-02;8.218504e-02;6.157415e-02
9.007852e-02;1.072607e-01;1.071492e-01;7.427309e-02;5.207162e-02;8.037518e-02;7.422335e-02;6.343782e-02;1.104587e-01;9.467055e-02;8.336453e-02;6.263679e-02
9.389374e-02;8.834623e-02;7.071380e-02;7.431590e-02;8.469642e-02;8.229803e-02;8.320639e-02;5.528996e-02;8.844378e-02;1.127568e-01;8.643977e-02;7.959913e-02
6.305887e-02;5.949522e-02;1.475891e-01;8.137368e-02;9.530098e-02;7.515458e-02;8.157796e-02;7.005425e-02;5.158230e-02;1.083775e-01;8.463647e-02;8.179905e-02
3.675540e-02;5.070001e-02;1.895797e-01;9.806652e-02;9.828792e-02;8.351823e-02;6.506243e-02;9.808728e-02;3.822652e-02;8.596463e-02;7.880597e-02;7.694534e-02
4.497951e-02;6.043806e-02;1.717964e-01;9.022141e-02;1.033641e-01;9.976340e-02;5.647245e-02;1.002846e-01;5.431886e-02;6.232653e-02;8.119300e-02;7.484175e-02
6.734531e-02;7.951789e-02;1.524684e-01;7.067429e-02;9.549671e-02;1.078652e-01;6.175033e-02;9.026461e-02;5.913411e-02;7.415464e-02;7.433373e-02;6.699482e-02
8.017585e-02;9.778731e-02;1.625801e-01;7.754112e-02;7.877550e-02;9.317748e-02;9.161133e-02;8.128269e-02;5.305163e-02;9.146865e-02;4.967261e-02;4.287571e-02
9.373736e-02;8.740340e-02;1.840074e-01;8.005510e-02;6.742299e-02;6.949006e-02;8.955466e-02;7.332819e-02;7.484288e-02;7.553073e-02;5.906678e-02;4.556045e-02
7.831499e-02;7.298122e-02;1.956051e-01;6.911232e-02;7.958818e-02;5.919038e-02;9.785268e-02;8.230068e-02;8.813043e-02;6.652572e-02;5.162752e-02;5.877071e-02
6.258766e-02;6.539006e-02;2.009897e-01;6.641439e-02;9.400412e-02;6.236557e-02;1.073861e-01;7.698856e-02;9.410567e-02;7.566088e-02;2.844527e-02;6.566205e-02
1.025038e-01;5.667533e-02;1.643849e-01;5.234668e-02;1.023687e-01;7.813503e-02;1.192903e-01;5.751989e-02;8.900534e-02;8.548924e-02;2.971152e-02;6.256926e-02
1.272776e-01;5.644780e-02;1.203490e-01;4.005596e-02;1.069743e-01;8.572040e-02;1.492926e-01;4.984996e-02;8.953375e-02;8.396807e-02;2.838906e-02;6.214152e-02
1.295392e-01;5.477075e-02;1.050502e-01;6.593950e-02;9.173699e-02;7.249553e-02;1.383089e-01;6.034726e-02;9.868892e-02;8.688426e-02;4.077391e-02;5.546460e-02
1.291338e-01;6.449302e-02;1.087051e-01;7.366841e-02;7.889298e-02;6.891022e-02;1.198950e-01;7.679930e-02;1.089267e-01;7.731529e-02;4.385163e-02;4.940867e-02
1.219040e-01;7.002497e-02;1.285247e-01;5.726035e-02;7.620347e-02;7.995518e-02;1.104558e-01;8.339341e-02;1.132526e-01;7.420724e-02;4.996447e-02;3.485389e-02
1.310982e-01;6.861498e-02;1.441461e-01;5.722917e-02;8.012255e-02;8.333779e-02;7.977970e-02;6.243984e-02;1.033921e-01;8.236404e-02;6.729784e-02;4.017774e-02
1.287829e-01;5.734951e-02;1.374873e-01;6.320027e-02;8.293761e-02;6.590133e-02;1.013712e-01;4.362625e-02;8.881962e-02;1.044098e-01;6.803423e-02;5.808004e-02
1.180609e-01;4.801483e-02;1.248711e-01;5.675269e-02;7.699508e-02;6.093412e-02;1.090542e-01;4.635865e-02;1.109083e-01;1.252699e-01;6.248243e-02;6.029765e-02
9.253458e-02;6.519309e-02;1.589558e-01;4.968212e-02;7.492225e-02;6.445096e-02;9.617986e-02;5.559071e-02;1.056090e-01;1.227236e-01;6.497023e-02;4.918782e-02
6.069654e-02;8.166832e-02;1.940869e-01;5.507934e-02;7.585526e-02;6.721815e-02;8.861100e-02;6.199310e-02;9.596372e-02;9.664906e-02;8.197635e-02;4.020230e-02
6.145948e-02;7.964857e-02;1.629125e-01;5.621670e-02;8.620881e-02;9.015525e-02;7.158671e-02;6.017863e-02;1.157798e-01;8.612324e-02;1.011774e-01;2.855291e-02
1.002784e-01;6.274239e-02;1.292338e-01;5.704119e-02;8.688943e-02;9.671859e-02;4.963152e-02;7.009476e-02;1.268598e-01;9.347420e-02;9.749149e-02;2.954440e-02
1.180661e-01;4.272689e-02;1.507024e-01;5.938095e-02;5.846276e-02;6.870247e-02;9.183168e-02;6.775100e-02;1.219192e-01;1.067569e-01;8.125167e-02;3.244801e-02
1.011275e-01;4.197052e-02;1.733295e-01;7.111153e-02;4.936069e-02;5.351624e-02;1.207797e-01;5.727910e-02;1.070076e-01;1.144593e-01;7.078280e-02;3.927553e-02
8.159356e-02;3.688262e-02;1.594129e-01;8.408199e-02;8.984272e-02;6.676099e-02;1.289007e-01;5.174256e-02;8.787610e-02;9.447175e-02;5.851376e-02;5.992036e-02
8.857326e-02;4.341826e-02;1.275552e-01;8.210455e-02;8.995784e-02;6.874385e-02;1.351248e-01;4.722461e-02;1.034773e-01;7.136753e-02;5.690992e-02;8.554288e-02
7.209217e-02;4.802593e-02;1.088010e-01;7.508260e-02;9.241534e-02;5.749637e-02;1.427653e-01;4.864281e-02;1.198546e-01;6.998542e-02;7.318980e-02;9.164859e-02
6.178993e-02;5.290685e-02;1.026545e-01;7.882062e-02;1.218430e-01;5.690771e-02;1.535572e-01;5.093485e-02;9.250741e-02;7.616320e-02;7.801747e-02;7.389729e-02
6.442637e-02;7.766510e-02;1.010656e-01;8.191184e-02;1.288523e-01;6.352121e-02;1.645820e-01;7.919694e-02;6.558124e-02;5.459168e-02;6.459922e-02;5.400652e-02
7.187322e-02;9.682706e-02;1.082718e-01;6.912290e-02;1.067885e-01;6.840838e-02;1.505870e-01;9.793949e-02;7.393567e-02;5.609976e-02;3.892894e-02;6.121723e-02
6.644025e-02;8.570054e-02;1.201881e-01;6.332403e-02;7.409246e-02;6.071908e-02;1.584411e-01;7.635979e-02;7.298499e-02;9.513793e-02;3.882102e-02;8.779076e-02
7.356883e-02;6.568014e-02;1.298817e-01;5.673591e-02;6.916872e-02;5.527815e-02;1.964648e-01;5.648391e-02;6.842152e-02;1.005865e-01;3.959450e-02;8.813533e-02
9.153850e-02;4.457418e-02;1.428418e-01;6.546244e-02;7.318357e-02;5.930058e-02;2.181246e-01;5.500500e-02;5.931871e-02;8.384975e-02;3.031016e-02;7.649081e-02
1.131246e-01;5.020087e-02;1.589710e-01;7.405518e-02;6.360673e-02;4.552068e-02;1.929340e-01;5.733844e-02;4.912046e-02;8.198076e-02;4.882548e-02;6.432176e-02
1.223526e-01;6.736154e-02;1.510884e-01;6.924223e-02;7.027664e-02;4.327467e-02;1.443597e-01;7.571989e-02;7.861162e-02;7.740528e-02;6.335106e-02;3.695641e-02
1.043035e-01;6.645114e-02;1.302821e-01;7.433858e-02;6.548718e-02;5.815496e-02;8.914664e-02;1.231583e-01;1.154095e-01;6.201258e-02;5.338914e-02;5.786638e-02
9.341877e-02;6.155904e-02;1.291513e-01;7.443889e-02;8.641941e-02;5.294453e-02;7.806585e-02;1.231554e-01;1.004116e-01;7.611322e-02;4.711697e-02;7.720492e-02
5.910429e-02;4.774065e-02;1.029618e-01;7.128068e-02;6.982777e-02;7.583883e-02;1.441004e-01;1.313002e-01;1.201051e-01;9.491955e-02;5.471874e-02;2.810206e-02
5.943479e-02;5.401450e-02;1.145795e-01;6.868368e-02;8.665031e-02;7.334266e-02;1.478027e-01;1.188902e-01;1.059610e-01;8.329427e-02;4.868615e-02;3.866027e-02
6.064998e-02;5.352012e-02;1.142044e-01;6.627885e-02;9.194275e-02;6.881449e-02;1.566031e-01;1.149703e-01;1.067974e-01;8.460748e-02;4.482870e-02;3.678250e-02
6.874853e-02;5.128872e-02;1.100654e-01;5.898602e-02;1.048808e-01;6.037433e-02;1.780113e-01;1.086472e-01;1.044362e-01;8.606438e-02;3.859873e-02;2.989834e-02
9.081001e-02;5.271021e-02;9.116346e-02;5.082811e-02;1.161539e-01;6.629836e-02;2.023938e-01;9.559629e-02;8.970764e-02;7.735443e-02;3.257389e-02;3.440997e-02
1.420048e-01;5.187691e-02;3.907986e-02;4.248355e-02;1.577426e-01;9.100252e-02;1.824575e-01;7.559001e-02;4.967719e-02;4.309857e-02;3.816392e-02;8.682258e-02
1.442564e-01;4.364983e-02;4.087267e-02;6.154697e-02;2.165581e-01;8.000071e-02;1.270856e-01;4.608809e-02;5.040199e-02;2.698659e-02;3.235764e-02;1.301955e-01
8.994760e-02;4.709953e-02;4.520616e-02;1.054884e-01;2.500903e-01;6.905872e-02;7.424313e-02;2.539477e-02;7.995683e-02;2.619127e-02;3.084162e-02;1.564817e-01
3.074711e-02;6.740084e-02;6.458943e-02;1.075737e-01;2.293152e-01;6.779671e-02;4.343818e-02;1.842137e-02;1.327232e-01;4.022419e-02;3.141800e-02;1.663520e-01
1.063415e-01;7.359805e-02;7.252681e-02;5.953288e-02;1.559162e-01;6.614102e-02;4.698822e-02;2.217478e-02;1.568692e-01;5.632740e-02;4.303960e-02;1.405443e-01
1.893077e-01;6.906373e-02;6.564223e-02;2.706371e-02;1.018193e-01;6.279269e-02;8.378679e-02;2.068896e-02;1.379822e-01;7.063323e-02;5.252255e-02;1.186969e-01
2.374679e-01;6.416744e-02;4.432505e-02;2.060096e-02;7.315926e-02;6.485173e-02;1.448337e-01;1.752755e-02;9.958749e-02;9.151149e-02;5.579256e-02;8.617496e-02
2.352622e-01;6.792706e-02;3.048570e-02;2.116717e-02;6.481300e-02;6.900506e-02;2.043300e-01;1.692596e-02;7.263462e-02;1.206716e-01;5.096652e-02;4.581104e-02
2.042539e-01;7.387251e-02;3.464219e-02;1.983122e-02;6.509171e-02;6.901799e-02;2.348174e-01;2.148575e-02;8.219969e-02;1.346205e-01;3.949596e-02;2.067117e-02
1.636120e-01;8.968355e-02;4.472540e-02;1.827857e-02;7.577765e-02;7.002776e-02;2.274822e-01;3.862799e-02;9.513643e-02;1.275256e-01;2.640150e-02;2.272136e-02
1.547666e-01;9.137070e-02;7.732257e-02;2.483201e-02;1.033253e-01;6.091246e-02;1.747899e-01;4.972721e-02;8.755528e-02;1.042187e-01;4.478520e-02;2.639417e-02
1.568314e-01;5.455938e-02;1.978260e-01;4.887938e-02;1.411429e-01;6.976131e-02;6.027240e-02;5.084915e-02;5.506909e-02;5.324320e-02;7.445925e-02;3.710647e-02
1.147690e-01;6.629498e-02;1.751657e-01;6.013318e-02;1.212690e-01;8.618283e-02;6.054264e-02;5.659043e-02;5.691216e-02;4.983025e-02;1.212138e-01;3.109610e-02
7.324149e-02;8.823983e-02;1.708088e-01;7.147260e-02;7.974744e-02;9.453988e-02;5.517867e-02;6.731530e-02;7.065245e-02;6.656250e-02;1.266009e-01;3.564017e-02
7.272226e-02;8.277994e-02;1.611371e-01;9.700626e-02;6.395235e-02;9.729593e-02;8.473612e-02;6.454610e-02;6.089796e-02;7.072727e-02;9.445156e-02;4.974717e-02
9.073437e-02;8.395917e-02;1.394065e-01;7.354768e-02;5.156201e-02;7.327697e-02;1.586662e-01;6.713297e-02;7.920805e-02;7.712150e-02;6.048151e-02;4.490314e-02
6.202770e-02;6.377891e-02;1.294521e-01;4.741989e-02;4.887044e-02;6.189754e-02;1.624271e-01;9.198870e-02;1.321470e-01;9.883583e-02;3.705855e-02;6.409626e-02
6.591006e-02;5.293502e-02;1.345982e-01;4.742871e-02;5.349148e-02;5.566749e-02;1.455912e-01;1.133551e-01;1.277708e-01;9.501703e-02;4.230131e-02;6.593353e-02
6.466207e-02;4.686058e-02;1.330719e-01;5.430108e-02;5.704506e-02;5.064045e-02;1.394073e-01;1.327558e-01;1.167601e-01;9.133040e-02;4.521700e-02;6.794839e-02
6.391329e-02;4.983921e-02;1.183222e-01;6.380518e-02;6.103781e-02;5.329243e-02;1.413604e-01;1.513417e-01;9.569997e-02;8.624279e-02;4.581114e-02;6.933379e-02
7.494085e-02;5.997667e-02;9.241084e-02;5.968377e-02;6.039994e-02;7.682315e-02;1.387655e-01;1.573106e-01;8.424923e-02;7.953707e-02;5.541165e-02;6.049071e-02
7.442104e-02;5.844633e-02;9.340033e-02;4.061531e-02;5.260980e-02;1.087344e-01;1.352627e-01;1.320296e-01;7.800966e-02;9.980025e-02;8.459658e-02;4.207408e-02
6.471655e-02;5.637542e-02;1.009462e-01;2.939005e-02;4.029017e-02;9.569401e-02;1.334396e-01;1.090940e-01;1.078121e-01;1.344014e-01;8.366991e-02;4.417055e-02
7.178926e-02;6.747364e-02;9.569443e-02;3.645362e-02;2.791589e-02;5.418634e-02;1.388454e-01;1.117329e-01;1.394254e-01;1.422157e-01;5.306168e-02;6.120572e-02
7.428019e-02;6.913989e-02;9.473599e-02;5.014679e-02;4.031358e-02;3.790745e-02;1.416121e-01;9.786183e-02;1.359868e-01;1.317084e-01;5.692121e-02;6.938573e-02
6.190412e-02;6.092954e-02;1.084911e-01;5.610301e-02;5.247767e-02;3.580669e-02;1.275711e-01;9.393513e-02;1.107879e-01;1.488423e-01;7.789914e-02;6.525230e-02
4.129030e-02;4.602297e-02;1.221775e-01;5.468269e-02;6.495242e-02;4.739676e-02;1.324759e-01;1.187954e-01;9.448713e-02;1.373377e-01;8.529966e-02;5.508168e-02
2.537676e-02;3.189418e-02;1.226437e-01;6.064373e-02;7.382868e-02;7.033028e-02;1.981829e-01;1.276190e-01;7.756273e-02;8.585214e-02;8.393000e-02;4.213579e-02
3.464722e-02;2.743655e-02;1.098685e-01;7.168029e-02;8.269200e-02;8.884709e-02;2.627557e-01;9.394632e-02;4.946212e-02;6.695630e-02;7.975733e-02;3.195051e-02
2.838929e-02;2.915349e-02;9.994156e-02;6.511884e-02;8.304819e-02;8.289897e-02;2.693274e-01;1.070548e-01;4.279015e-02;8.979441e-02;6.830311e-02;3.417973e-02
2.530117e-02;3.625534e-02;1.096259e-01;4.622254e-02;7.916156e-02;6.088892e-02;2.451115e-01;1.354315e-01;5.329542e-02;8.291165e-02;8.421060e-02;4.158403e-02
3.083752e-02;3.239364e-02;1.073594e-01;3.528468e-02;1.049961e-01;6.047717e-02;2.355527e-01;1.401427e-01;5.766927e-02;7.100378e-02;8.703630e-02;3.724666e-02
2.750795e-02;4.622868e-02;1.030525e-01;4.862419e-02;9.829179e-02;6.921687e-02;2.590725e-01;1.038598e-01;6.483800e-02;6.161478e-02;7.305609e-02;4.463691e-02
2.911895e-02;6.395819e-02;9.099748e-02;5.071111e-02;7.731975e-02;6.730004e-02;3.024810e-01;7.028750e-02;6.088006e-02;5.009495e-02;5.723096e-02;7.961999e-02
3.860072e-02;6.138188e-02;8.087800e-02;4.358862e-02;6.526703e-02;5.357775e-02;3.299515e-01;5.908129e-02;5.611755e-02;4.921728e-02;6.353359e-02;9.880483e-02
4.466738e-02;5.237196e-02;8.379812e-02;4.867373e-02;5.020991e-02;5.256862e-02;3.231690e-01;6.333771e-02;6.910892e-02;6.076390e-02;7.328998e-02;7.804082e-02
4.018470e-02;5.910414e-02;1.810488e-01;5.480110e-02;6.583756e-02;7.162718e-02;2.089535e-01;6.568934e-02;8.598860e-02;7.502992e-02;4.976527e-02;4.196991e-02
7.687142e-02;6.557996e-02;1.494992e-01;6.331120e-02;7.706992e-02;6.925923e-02;1.242913e-01;8.152985e-02;8.924328e-02;9.808844e-02;5.582135e-02;4.943488e-02
8.604530e-02;7.109561e-02;1.130505e-01;6.774651e-02;8.440265e-02;6.490989e-02;1.151671e-01;9.766698e-02;9.445078e-02;1.066953e-01;4.896794e-02;4.980151e-02
8.129793e-02;8.483069e-02;8.509307e-02;6.283427e-02;8.219817e-02;6.179905e-02;1.246229e-01;1.042918e-01;1.027840e-01;1.267582e-01;3.106530e-02;5.242468e-02
6.262616e-02;8.068305e-02;8.292533e-02;4.711883e-02;6.543801e-02;7.891072e-02;1.081421e-01;1.035070e-01;1.102524e-01;1.426270e-01;5.625390e-02;6.151547e-02
6.697958e-02;6.466954e-02;1.045047e-01;5.117556e-02;7.455435e-02;7.882068e-02;6.966691e-02;1.063573e-01;1.290334e-01;1.155770e-01;7.144714e-02;6.721382e-02
6.884033e-02;7.548640e-02;1.185022e-01;7.877973e-02;8.570816e-02;7.123987e-02;5.128445e-02;9.452915e-02;1.351462e-01;1.075775e-01;6.253591e-02;5.037007e-02
5.597018e-02;9.427907e-02;1.042463e-01;9.107402e-02;9.984724e-02;7.408231e-02;5.851743e-02;7.724985e-02;1.155626e-01;1.167063e-01;5.097254e-02;6.149217e-02
4.562192e-02;9.219827e-02;9.467245e-02;6.224769e-02;9.290519e-02;6.479491e-02;7.200665e-02;6.993430e-02;1.348348e-01;1.417582e-01;6.246488e-02;6.656073e-02
5.278449e-02;8.859059e-02;9.605851e-02;4.131272e-02;7.498098e-02;5.490208e-02;8.667368e-02;7.574519e-02;1.511219e-01;1.595624e-01;7.317755e-02;4.508994e-02
5.610510e-02;1.004361e-01;9.950612e-02;5.367878e-02;7.195713e-02;6.452397e-02;8.426183e-02;8.478940e-02;1.386928e-01;1.393620e-01;8.356024e-02;2.312648e-02
4.278667e-02;9.345277e-02;8.544736e-02;6.953289e-02;8.206487e-02;6.199545e-02;8.661425e-02;9.030104e-02;1.116309e-01;1.622204e-01;8.629654e-02;2.765680e-02
6.678610e-02;6.475888e-02;8.698937e-02;7.206288e-02;6.863987e-02;5.982463e-02;9.970185e-02;8.948743e-02;9.161655e-02;1.859930e-01;6.897301e-02;4.516646e-02
8.862664e-02;4.565798e-02;9.247327e-02;7.355361e-02;8.255620e-02;7.570863e-02;1.244420e-01;7.773174e-02;9.595573e-02;1.455805e-01;4.021316e-02;5.750057e-02
9.517333e-02;4.801886e-02;8.182362e-02;8.529302e-02;8.974145e-02;8.434590e-02;1.495479e-01;5.985712e-02;9.941752e-02;1.192287e-01;2.811498e-02;5.943767e-02
6.695417e-02;5.882511e-02;6.249882e-02;9.970113e-02;9.314013e-02;7.896181e-02;1.569531e-01;6.932461e-02;9.542379e-02;1.376081e-01;2.846096e-02;5.214836e-02
3.971099e-02;4.882039e-02;8.818301e-02;9.551825e-02;8.572546e-02;6.974328e-02;1.534981e-01;7.504512e-02;1.031335e-01;1.536234e-01;3.751089e-02;4.948761e-02
3.368334e-02;4.154794e-02;1.020749e-01;8.408442e-02;8.057366e-02;5.689840e-02;1.528305e-01;8.822323e-02;8.869474e-02;1.777951e-01;4.979527e-02;4.379854e-02
4.511074e-02;4.061203e-02;1.026354e-01;6.508421e-02;6.562748e-02;5.272084e-02;1.363151e-01;1.164916e-01;1.093289e-01;1.633055e-01;6.089563e-02;4.187253e-02
6.349431e-02;4.024149e-02;9.527891e-02;4.322138e-02;6.897772e-02;6.303609e-02;8.996222e-02;1.197682e-01;1.666772e-01;1.214993e-01;7.314391e-02;5.469929e-02
6.307247e-02;4.493874e-02;9.059908e-02;2.947903e-02;1.349195e-01;8.333161e-02;7.965491e-02;1.082786e-01;1.638731e-01;8.112161e-02;6.911240e-02;5.161897e-02
6.616555e-02;3.571020e-02;1.079288e-01;3.623970e-02;1.794475e-01;8.089361e-02;1.069950e-01;8.625758e-02;1.232550e-01;8.889061e-02;6.195873e-02;2.625778e-02
8.399750e-02;4.456174e-02;1.093549e-01;4.799862e-02;1.992769e-01;7.719669e-02;1.301182e-01;4.466858e-02;6.982572e-02;9.486952e-02;4.383531e-02;5.429621e-02
9.241550e-02;4.716482e-02;8.956490e-02;5.631927e-02;1.929697e-01;1.022594e-01;1.351284e-01;3.711194e-02;4.463235e-02;8.724117e-02;2.763203e-02;8.756059e-02
8.101353e-02;3.551243e-02;7.155115e-02;6.031447e-02;2.130367e-01;1.279426e-01;9.997629e-02;5.046195e-02;6.491260e-02;6.037097e-02;1.888138e-02;1.160259e-01
5.913546e-02;4.428075e-02;9.708705e-02;7.177654e-02;2.237873e-01;1.322915e-01;5.571861e-02;7.185889e-02;6.831899e-02;3.963945e-02;1.352640e-02;1.225790e-01
8.915339e-02;7.622021e-02;1.108450e-01;7.993979e-02;1.711028e-01;1.098747e-01;6.760279e-02;8.567985e-02;6.916034e-02;4.483571e-02;2.560359e-02;6.998175e-02
7.903147e-02;8.457907e-02;1.267437e-01;1.095832e-01;1.370709e-01;8.435266e-02;6.151352e-02;1.109255e-01;7.815972e-02;4.494410e-02;5.242746e-02;3.066866e-02
5.249885e-02;7.033613e-02;1.240853e-01;1.342221e-01;1.180309e-01;5.751360e-02;8.490359e-02;1.389920e-01;7.827353e-02;3.387875e-02;7.991830e-02;2.734694e-02
3.987708e-02;4.782920e-02;1.668591e-01;1.251509e-01;9.568408e-02;3.457294e-02;1.199225e-01;1.318332e-01;6.646506e-02;6.407859e-02;8.488984e-02;2.283753e-02
4.162544e-02;4.858306e-02;1.987479e-01;9.566184e-02;8.749840e-02;4.131950e-02;1.376310e-01;9.454159e-02;7.758477e-02;9.853300e-02;5.606850e-02;2.220501e-02
5.135206e-02;6.935417e-02;1.714865e-01;8.527907e-02;9.301566e-02;6.050356e-02;1.266794e-01;7.276227e-02;1.196192e-01;1.057079e-01;1.798207e-02;2.625817e-02
7.390478e-02;7.882817e-02;1.504860e-01;8.521385e-02;8.797810e-02;6.042912e-02;9.851222e-02;8.262572e-02;1.584373e-01;7.546604e-02;2.090917e-02;2.720957e-02
9.292259e-02;7.694968e-02;1.473943e-01;6.234423e-02;9.092764e-02;4.262361e-02;1.070335e-01;1.065864e-01;1.583289e-01;4.426327e-02;3.267851e-02;3.794739e-02
7.549759e-02;5.679383e-02;1.251253e-01;1.340904e-01;8.043560e-02;3.329216e-02;1.697362e-01;9.535515e-02;1.264426e-01;2.403646e-02;2.560527e-02;5.358943e-02
4.918908e-02;3.383558e-02;1.517192e-01;1.623953e-01;6.249426e-02;5.882050e-02;1.858940e-01;5.488960e-02;1.283962e-01;2.989070e-02;2.563314e-02;5.684229e-02
1.994284e-02;3.662863e-02;1.827157e-01;1.005717e-01;4.601480e-02;1.050044e-01;1.633834e-01;5.890961e-02;1.438095e-01;4.042779e-02;4.743093e-02;5.516080e-02
2.607494e-02;7.041314e-02;1.511482e-01;5.660037e-02;5.105976e-02;1.376753e-01;1.196675e-01;1.302793e-01;1.175157e-01;2.618949e-02;5.300547e-02;6.037078e-02
3.397748e-02;7.817362e-02;8.649953e-02;8.097073e-02;6.286890e-02;1.255164e-01;1.136093e-01;1.782652e-01;8.400198e-02;5.472593e-02;4.056114e-02;6.082978e-02
3.335624e-02;6.703629e-02;6.520222e-02;6.413287e-02;6.616192e-02;1.011244e-01;1.709307e-01;1.735352e-01;9.503737e-02;7.934400e-02;3.288469e-02;5.125421e-02
6.991018e-02;4.346128e-02;7.071080e-02;4.010895e-02;5.093791e-02;7.041996e-02;1.986452e-01;1.352887e-01;1.435992e-01;1.022862e-01;3.586233e-02;3.876935e-02
1.021199e-01;2.496899e-02;6.999954e-02;3.633288e-02;4.050245e-02;5.027738e-02;2.151477e-01;1.052438e-01;1.701315e-01;1.129756e-01;4.583000e-02;2.647020e-02
1.130527e-01;2.991605e-02;7.372287e-02;4.181030e-02;4.965524e-02;4.642475e-02;2.236714e-01;9.498416e-02;1.479277e-01;8.489314e-02;6.260937e-02;3.133231e-02
1.022303e-01;4.740525e-02;7.703345e-02;4.179287e-02;4.968170e-02;4.083290e-02;2.005112e-01;1.015131e-01;1.173357e-01;8.220084e-02;7.553494e-02;6.392779e-02
9.133267e-02;6.165990e-02;6.685431e-02;4.763783e-02;6.097807e-02;2.872203e-02;1.744002e-01;1.105759e-01;1.031707e-01;8.847793e-02;8.581743e-02;8.037304e-02
9.524069e-02;7.547407e-02;4.756470e-02;5.134681e-02;7.367541e-02;4.344708e-02;1.840284e-01;1.166078e-01;7.921471e-02;7.539967e-02;8.189574e-02;7.610493e-02
1.064234e-01;8.118768e-02;4.154423e-02;5.616108e-02;7.357652e-02;6.813619e-02;2.130918e-01;1.000744e-01;4.831929e-02;6.032449e-02;7.113636e-02;8.002454e-02
1.254171e-01;6.717581e-02;5.933590e-02;5.300235e-02;5.647756e-02;7.255413e-02;2.512659e-01;7.016447e-02;3.344160e-02;6.270330e-02;6.489614e-02;8.356581e-02
1.305370e-01;7.444306e-02;5.321008e-02;3.636807e-02;7.207364e-02;7.191476e-02;2.561675e-01;4.742240e-02;5.074755e-02;7.192829e-02;6.466515e-02;7.052253e-02
1.171686e-01;9.232116e-02;3.335499e-02;2.782595e-02;1.067007e-01;6.173700e-02;2.080109e-01;7.122406e-02;7.484082e-02;9.467534e-02;6.537336e-02;4.676710e-02
1.074184e-01;1.001642e-01;1.937448e-02;5.311111e-02;1.362126e-01;5.273367e-02;1.482216e-01;1.016109e-01;8.213985e-02;1.058672e-01;6.279819e-02;3.034787e-02
8.493543e-02;1.032903e-01;4.159413e-02;5.944371e-02;1.408690e-01;4.913112e-02;1.389837e-01;9.376617e-02;8.911227e-02;1.029333e-01;6.770463e-02;2.823626e-02
5.694646e-02;1.154951e-01;4.986113e-02;7.152066e-02;1.389640e-01;8.627845e-02;1.325860e-01;7.343971e-02;7.779907e-02;1.089548e-01;6.322282e-02;2.493185e-02
4.604292e-02;1.246832e-01;5.011246e-02;1.013834e-01;1.339693e-01;1.208995e-01;1.054753e-01;8.324716e-02;4.696117e-02;1.053887e-01;5.569180e-02;2.614520e-02
5.243349e-02;1.159909e-01;9.329654e-02;1.365746e-01;1.204574e-01;1.178195e-01;8.285384e-02;9.016925e-02;2.083724e-02;8.734508e-02;5.302312e-02;2.919901e-02
4.330228e-02;1.034601e-01;1.390088e-01;1.718963e-01;9.273014e-02;9.052273e-02;7.677050e-02;9.157328e-02;1.827601e-02;8.555190e-02;5.245104e-02;3.445682e-02
1.900944e-02;1.010942e-01;1.580222e-01;1.677190e-01;9.139490e-02;7.657930e-02;6.140173e-02;9.843365e-02;2.627491e-02;9.424569e-02;5.935908e-02;4.646594e-02
3.638230e-02;1.282578e-01;1.192206e-01;9.967962e-02;1.201723e-01;7.827650e-02;7.709054e-02;1.115477e-01;3.061647e-02;6.974078e-02;7.707720e-02;5.193828e-02
5.415905e-02;1.354055e-01;1.197273e-01;5.044341e-02;1.336909e-01;7.955913e-02;7.176797e-02;1.145570e-01;3.805822e-02;6.239888e-02;9.876410e-02;4.146862e-02
8.100107e-02;1.191628e-01;1.603814e-01;8.259769e-02;9.847221e-02;5.246574e-02;9.176914e-02;8.067675e-02;3.011777e-02;6.179423e-02;9.741517e-02;4.414594e-02
9.393041e-02;1.334743e-01;1.960396e-01;8.227497e-02;6.485444e-02;3.884246e-02;1.054243e-01;5.034674e-02;4.091467e-02;5.531067e-02;8.766438e-02;5.092307e-02
7.379023e-02;1.776450e-01;1.698599e-01;6.345157e-02;4.809480e-02;4.773010e-02;1.077374e-01;4.776851e-02;6.174634e-02;6.614596e-02;8.468740e-02;5.134274e-02
4.031464e-02;1.978054e-01;9.381506e-02;7.520984e-02;5.776294e-02;6.959680e-02;1.003663e-01;7.074197e-02;5.946637e-02;9.659857e-02;8.220614e-02;5.611593e-02
7.955340e-02;1.303345e-01;1.421063e-01;8.261131e-02;7.193120e-02;7.884264e-02;1.024405e-01;7.436302e-02;5.311896e-02;8.687886e-02;5.019793e-02;4.762135e-02
1.084377e-01;9.933868e-02;1.328702e-01;8.083406e-02;8.714130e-02;8.211651e-02;9.850239e-02;7.123303e-02;6.692437e-02;5.997292e-02;6.292297e-02;4.970585e-02
1.006805e-01;1.031487e-01;1.235670e-01;7.047018e-02;8.814673e-02;9.090597e-02;8.947680e-02;8.023901e-02;6.027908e-02;5.480129e-02;7.862560e-02;5.965920e-02
8.188732e-02;7.349406e-02;1.253437e-01;4.988978e-02;1.027466e-01;7.754664e-02;1.342165e-01;8.118037e-02;4.956842e-02;7.653641e-02;6.411873e-02;8.347145e-02
6.873646e-02;7.074662e-02;1.257982e-01;5.336148e-02;9.521905e-02;6.674339e-02;1.632928e-01;6.171089e-02;4.485660e-02;8.516483e-02;6.498577e-02;9.938396e-02
7.548764e-02;7.952369e-02;1.308230e-01;4.589361e-02;1.060837e-01;6.653538e-02;1.325060e-01;4.424627e-02;6.690262e-02;8.893631e-02;6.524470e-02;9.781715e-02
9.254805e-02;7.427122e-02;1.335835e-01;5.358940e-02;1.102512e-01;7.829319e-02;9.152970e-02;3.650103e-02;8.515042e-02;9.729902e-02;6.780933e-02;7.917394e-02
9.635358e-02;8.008489e-02;1.307240e-01;7.462995e-02;8.746083e-02;8.708467e-02;1.006034e-01;4.621103e-02;8.104026e-02;8.941091e-02;5.703875e-02;6.935769e-02
8.559578e-02;7.899068e-02;1.714477e-01;7.673780e-02;6.536039e-02;7.966857e-02;1.196536e-01;7.607211e-02;6.059300e-02;8.407941e-02;4.994707e-02;5.185388e-02
8.067785e-02;6.377300e-02;1.838318e-01;6.701254e-02;7.216516e-02;6.540175e-02;1.377650e-01;7.913338e-02;6.121931e-02;9.706750e-02;5.514466e-02;3.680804e-02
7.798050e-02;7.293474e-02;1.441650e-01;6.413513e-02;7.949965e-02;6.425396e-02;1.365094e-01;7.720688e-02;8.159860e-02;1.083518e-01;5.706445e-02;3.629982e-02
7.481450e-02;7.744210e-02;1.159898e-01;7.645404e-02;7.555384e-02;8.846717e-02;1.272768e-01;8.482432e-02;9.885474e-02;9.377747e-02;5.813918e-02;2.840610e-02
6.652738e-02;5.446338e-02;1.093864e-01;6.860679e-02;6.235967e-02;9.718802e-02;1.656285e-01;8.417436e-02;1.046466e-01;8.273720e-02;6.841575e-02;3.586588e-02
6.106445e-02;6.033064e-02;7.618394e-02;6.618955e-02;1.027971e-01;7.436213e-02;1.890890e-01;5.717593e-02;9.763125e-02;9.673823e-02;7.259493e-02;4.584290e-02
6.750154e-02;6.963112e-02;8.821283e-02;5.926167e-02;1.186081e-01;6.150139e-02;1.717963e-01;5.167518e-02;8.674603e-02;9.934530e-02;5.825865e-02;6.746187e-02
8.739731e-02;6.696179e-02;1.121994e-01;4.323469e-02;1.122892e-01;6.366607e-02;1.497482e-01;6.261954e-02;7.845986e-02;1.042008e-01;3.705235e-02;8.217081e-02
8.510429e-02;6.444179e-02;1.336940e-01;4.562152e-02;1.063573e-01;5.901231e-02;1.319358e-01;6.246356e-02;7.524177e-02;9.911635e-02;6.680688e-02;7.020436e-02
8.764554e-02;7.484779e-02;1.697580e-01;6.141549e-02;9.635241e-02;6.517140e-02;7.921532e-02;6.068471e-02;7.082193e-02;8.662631e-02;1.051008e-01;4.236031e-02
9.336448e-02;7.418230e-02;1.658426e-01;6.830920e-02;8.558686e-02;6.159642e-02;5.547459e-02;7.461914e-02;8.592357e-02;8.952266e-02;1.143748e-01;3.120341e-02
8.418587e-02;7.194743e-02;1.527335e-01;6.238933e-02;8.324537e-02;4.497058e-02;7.705466e-02;8.958717e-02;9.848545e-02;9.449763e-02;1.036506e-01;3.725239e-02
7.249317e-02;6.484351e-02;1.318521e-01;7.362424e-02;8.782226e-02;4.948905e-02;1.220465e-01;8.516404e-02;7.895143e-02;8.870310e-02;9.255105e-02;5.245944e-02
5.864690e-02;6.086299e-02;1.205587e-01;8.068960e-02;8.144130e-02;7.121400e-02;1.577391e-01;7.254217e-02;5.486335e-02;8.470072e-02;8.393906e-02;7.280208e-02
5.226134e-02;6.680547e-02;1.298925e-01;7.378671e-02;7.932234e-02;8.683350e-02;1.609736e-01;5.240477e-02;6.101146e-02;9.767050e-02;7.637750e-02;6.266028e-02
5.705899e-02;5.978561e-02;1.440109e-01;6.097569e-02;6.176887e-02;9.242690e-02;1.376578e-01;6.579026e-02;6.533197e-02;1.172964e-01;9.460943e-02;4.328714e-02
4.727836e-02;5.140099e-02;1.510378e-01;5.705579e-02;3.256847e-02;9.131595e-02;1.336212e-01;8.863588e-02;7.566144e-02;1.204918e-01;1.136841e-01;3.724822e-02
5.943044e-02;4.998668e-02;1.614086e-01;5.884118e-02;5.291580e-02;7.525448e-02;1.304641e-01;8.696576e-02;6.631275e-02;1.102175e-01;1.154054e-01;3.279742e-02
6.417630e-02;5.864677e-02;1.484497e-01;5.819221e-02;9.553579e-02;7.170796e-02;9.364905e-02;9.206490e-02;8.613408e-02;8.974606e-02;1.017835e-01;3.991357e-02
6.182157e-02;8.315411e-02;9.299891e-02;7.230357e-02;1.052090e-01;9.174757e-02;7.317420e-02;1.187782e-01;1.147935e-01;7.230069e-02;6.621671e-02;4.750191e-02
4.079353e-02;8.688977e-02;1.007332e-01;9.621251e-02;1.067309e-01;1.025415e-01;1.111670e-01;1.147333e-01;1.085694e-01;5.266336e-02;3.266745e-02;4.629808e-02
5.779294e-02;7.417972e-02;1.245458e-01;9.832395e-02;1.398858e-01;1.005449e-01;1.216582e-01;9.231500e-02;8.085408e-02;4.115418e-02;2.916001e-02;3.958541e-02
9.301774e-02;6.222355e-02;1.155188e-01;9.600889e-02;1.448154e-01;8.867313e-02;1.165637e-01;8.197534e-02;7.482535e-02;5.083712e-02;3.094511e-02;4.459579e-02
1.213900e-01;4.629112e-02;1.158874e-01;9.705668e-02;1.037580e-01;6.499888e-02;1.064841e-01;9.509745e-02;7.474123e-02;7.527050e-02;4.265704e-02;5.636760e-02
1.228121e-01;6.362554e-02;1.683513e-01;6.842684e-02;6.922618e-02;6.345786e-02;1.007223e-01;7.881047e-02;6.724980e-02;8.869696e-02;6.594570e-02;4.267500e-02
1.101405e-01;8.384776e-02;1.870458e-01;4.637203e-02;7.071105e-02;7.153262e-02;8.955079e-02;7.403722e-02;8.455776e-02;7.431469e-02;6.101204e-02;4.687782e-02
1.057224e-01;8.042433e-02;1.552984e-01;6.573156e-02;6.478634e-02;7.613745e-02;1.087870e-01;8.761256e-02;9.592123e-02;6.115176e-02;4.682140e-02;5.160553e-02
9.138359e-02;8.425520e-02;1.272347e-01;8.519457e-02;5.303748e-02;7.374145e-02;1.174091e-01;9.159032e-02;9.515815e-02;6.430265e-02;6.319217e-02;5.350060e-02
9.757446e-02;6.958600e-02;1.331751e-01;7.588504e-02;5.559553e-02;7.187034e-02;1.287249e-01;8.139344e-02;8.728073e-02;6.658111e-02;8.565886e-02;4.667450e-02
1.087744e-01;4.724026e-02;1.393454e-01;5.585122e-02;6.196667e-02;8.411960e-02;1.340663e-01;7.609955e-02;8.481352e-02;7.043497e-02;8.617695e-02;5.111110e-02
1.185826e-01;6.014991e-02;1.306707e-01;6.175177e-02;6.857143e-02;9.355977e-02;1.164547e-01;6.834214e-02;6.663798e-02;6.632927e-02;9.634452e-02;5.260521e-02
1.132126e-01;6.130949e-02;1.410838e-01;7.217235e-02;8.028060e-02;8.016653e-02;1.257541e-01;6.727656e-02;5.149643e-02;6.939037e-02;9.186374e-02;4.599344e-02
9.164525e-02;4.925812e-02;1.495257e-01;7.385231e-02;8.721494e-02;5.920242e-02;1.481712e-01;7.808935e-02;4.879373e-02;9.059328e-02;7.696462e-02;4.668908e-02
7.119819e-02;5.553991e-02;1.333008e-01;7.363875e-02;8.311612e-02;5.538814e-02;1.574822e-01;8.222026e-02;6.654361e-02;1.087756e-01;5.603870e-02;5.675780e-02
6.728962e-02;7.057435e-02;1.507261e-01;6.206384e-02;6.971624e-02;5.743315e-02;1.378905e-01;7.703539e-02;6.879446e-02;1.099744e-01;5.596781e-02;7.253408e-02
8.605310e-02;8.207930e-02;1.741045e-01;4.804026e-02;8.713504e-02;6.032263e-02;9.548198e-02;8.014357e-02;7.771122e-02;7.781669e-02;7.414766e-02;5.696406e-02
8.545507e-02;7.449532e-02;1.773413e-01;4.475002e-02;1.079454e-01;6.176725e-02;8.304546e-02;8.030058e-02;1.022804e-01;5.720502e-02;7.644375e-02;4.897042e-02
7.772949e-02;5.476495e-02;1.748091e-01;4.088770e-02;1.024791e-01;5.995405e-02;1.098014e-01;5.954262e-02;1.301066e-01;6.589959e-02;6.863287e-02;5.539256e-02
6.715722e-02;3.720493e-02;2.005788e-01;4.511154e-02;8.167910e-02;6.783290e-02;1.152827e-01;3.574253e-02;1.287070e-01;8.643344e-02;7.379689e-02;6.047291e-02
6.331851e-02;5.208898e-02;1.880752e-01;6.390300e-02;6.809375e-02;6.998900e-02;1.116889e-01;5.479321e-02;1.008103e-01;1.009410e-01;7.026044e-02;5.603767e-02
